0 0.47
1 0.2575
2 0.4125
3 0.28
4 0.4725
5 0.32
6 0.22
7 0.2
8 0.3775
9 0.185
10 0.3775
11 0.3775
12 0.3275
13 0.3775
14 0.225
15 0.1975
16 0.3775
17 0.3775
18 0.3775
19 0.4275
20 0.3775
21 0.4275
22 0.3775
23 0.4275
24 0.05
25 0.3775
26 0.4275
27 0.4275
28 0.2375
29 0.4275
30 0.05
31 0.4275
32 0.3775
33 0.4275
34 0.4275
35 0.05
36 0.3775
37 0.4275
38 0.4275
39 0.4275
40 0.4275
41 0.4275
42 0.4275
43 0.4275
44 0.4275
45 0.4275
46 0.4275
47 0.4275
48 0.4275
49 0.05
50 0.4275
51 0.4275
52 0.0525
53 0.4275
54 0.4275
55 0.4275
56 0.4275
57 0.4275
58 0.4275
59 0.4275
60 0.4275
61 0.4275
62 0.4275
63 0.05
64 0.4275
65 0.4275
66 0.4275
67 0.4275
68 0.4275
69 0.4275
70 0.4275
71 0.4275
72 0.4275
73 0.4275
74 0.4275
75 0.4275
76 0.4275
77 0.4275
78 0.4275
79 0.3775
80 0.3775
81 0.2325
82 0.4275
83 0.205
84 0.485
85 0.4275
86 0.4275
87 0.05
88 0.4275
89 0.4275
90 0.24
91 0.4275
92 0.05
93 0.4275
94 0.3775
95 0.4275
96 0.4275
97 0.4275
98 0.235
99 0.05
100 0.05
101 0.05
102 0.05
103 0.05
104 0.05
105 0.05
106 0.05
107 0.3775
108 0.05
109 0.4275
110 0.3775
111 0.3775
112 0.4275
113 0.4275
114 0.05
115 0.3775
116 0.05
117 0.05
118 0.4275
119 0.4275
120 0.4275
121 0.05
122 0.3775
123 0.05
124 0.05
125 0.05
126 0.4275
127 0.05
128 0.05
129 0.05
130 0.05
131 0.3775
132 0.05
133 0.05
134 0.05
135 0.05
136 0.3225
137 0.05
138 0.4025
139 0.05
140 0.3125
141 0.3125
142 0.05
143 0.3125
144 0.3125
145 0.3125
146 0.175
147 0.3125
148 0.05
149 0.3125
150 0.3125
151 0.3125
152 0.3625
153 0.3125
154 0.3625
155 0.3625
156 0.05
157 0.3125
158 0.05
159 0.3625
160 0.3125
161 0.3125
162 0.3125
163 0.3625
164 0.175
165 0.3125
166 0.3125
167 0.04
168 0.3125
169 0.3125
170 0.3625
171 0.05
172 0.05
173 0.255
174 0.3125
175 0.3625
176 0.3625
177 0.3125
178 0.3625
179 0.3625
180 0.05
181 0.33
182 0.28
183 0.28
184 0.33
185 0.33
186 0.33
187 0.28
188 0.28
189 0.33
190 0.1675
191 0.05
192 0.05
193 0.05
194 0.05
195 0.28
196 0.28
197 0.28
198 0.33
199 0.33
