0.467681884765625
11.825942993164062
0.0629425048828125
13.611221313476562
0.0469207763671875
0.0484466552734375
5.6797027587890625
17.5445556640625
0.1483917236328125
21.257400512695312
0.1483917236328125
0.1483917236328125
0.09307861328125
0.1483917236328125
0.52947998046875
17.474365234375
0.1483917236328125
0.1483917236328125
0.1483917236328125
0.098419189453125
0.1483917236328125
0.098419189453125
0.1483917236328125
0.098419189453125
0.26702880859375
0.1483917236328125
0.098419189453125
0.098419189453125
19.15283203125
0.098419189453125
0.26702880859375
0.098419189453125
0.1483917236328125
0.098419189453125
0.098419189453125
0.26702880859375
0.1483917236328125
0.098419189453125
0.098419189453125
0.098419189453125
0.098419189453125
0.098419189453125
0.098419189453125
0.098419189453125
0.098419189453125
0.098419189453125
0.098419189453125
0.098419189453125
0.098419189453125
0.26702880859375
0.098419189453125
0.098419189453125
1.061248779296875
0.098419189453125
0.098419189453125
0.098419189453125
0.098419189453125
0.098419189453125
0.098419189453125
0.098419189453125
0.098419189453125
0.098419189453125
0.098419189453125
0.26702880859375
0.098419189453125
0.098419189453125
0.098419189453125
0.098419189453125
0.098419189453125
0.098419189453125
0.098419189453125
0.098419189453125
0.098419189453125
0.098419189453125
0.098419189453125
0.098419189453125
0.098419189453125
0.098419189453125
0.098419189453125
0.1483917236328125
0.1483917236328125
21.216964721679688
0.098419189453125
15.884780883789062
0.3025054931640625
0.098419189453125
0.098419189453125
0.26702880859375
0.098419189453125
0.098419189453125
12.519073486328125
0.098419189453125
0.26702880859375
0.098419189453125
0.1483917236328125
0.098419189453125
0.098419189453125
0.098419189453125
20.141220092773438
0.26702880859375
0.26702880859375
0.26702880859375
0.26702880859375
0.26702880859375
0.26702880859375
0.26702880859375
0.26702880859375
0.1483917236328125
0.26702880859375
0.098419189453125
0.1483917236328125
0.1483917236328125
0.098419189453125
0.098419189453125
0.26702880859375
0.1483917236328125
0.26702880859375
0.26702880859375
0.098419189453125
0.098419189453125
0.098419189453125
0.26702880859375
0.1483917236328125
0.26702880859375
0.26702880859375
0.26702880859375
0.098419189453125
0.26702880859375
0.26702880859375
0.26702880859375
0.26702880859375
0.1483917236328125
0.26702880859375
0.26702880859375
0.26702880859375
0.26702880859375
13.799285888671875
0.26702880859375
0.4665374755859375
0.26702880859375
3.14178466796875
3.14178466796875
0.26702880859375
3.14178466796875
3.14178466796875
3.14178466796875
26.668930053710938
3.14178466796875
0.26702880859375
3.14178466796875
3.14178466796875
3.14178466796875
2.0420074462890625
3.14178466796875
2.0420074462890625
2.0420074462890625
0.26702880859375
3.14178466796875
0.26702880859375
2.0420074462890625
3.14178466796875
3.14178466796875
3.14178466796875
2.0420074462890625
26.668930053710938
3.14178466796875
3.14178466796875
2.3708343505859375
3.14178466796875
3.14178466796875
2.0420074462890625
0.26702880859375
0.26702880859375
0.7938385009765625
3.14178466796875
2.0420074462890625
2.0420074462890625
3.14178466796875
2.0420074462890625
2.0420074462890625
0.26702880859375
1.618194580078125
2.808380126953125
2.808380126953125
1.618194580078125
1.618194580078125
1.618194580078125
2.808380126953125
2.808380126953125
1.618194580078125
21.252059936523438
0.26702880859375
0.26702880859375
0.26702880859375
0.26702880859375
2.808380126953125
2.808380126953125
2.808380126953125
1.618194580078125
1.618194580078125
