0.0200848585273
15.4695500443
0.184729064039
19.0334287921
0.0
0.0228839497697
11.1226709543
32.2698337004
0.0212224108659
38.3851896272
0.0212224108659
0.0212224108659
0.0507846940575
0.0212224108659
0.474003851281
33.2442933463
0.0212224108659
0.0212224108659
0.0212224108659
0.045867176302
0.0212224108659
0.045867176302
0.0212224108659
0.045867176302
0.0257077669591
0.0212224108659
0.045867176302
0.045867176302
34.954039163
0.045867176302
0.0257077669591
0.045867176302
0.0212224108659
0.045867176302
0.045867176302
0.0257077669591
0.0212224108659
0.045867176302
0.045867176302
0.045867176302
0.045867176302
0.045867176302
0.045867176302
0.045867176302
0.045867176302
0.045867176302
0.045867176302
0.045867176302
0.045867176302
0.0257077669591
0.045867176302
0.045867176302
0.565115424826
0.045867176302
0.045867176302
0.045867176302
0.045867176302
0.045867176302
0.045867176302
0.045867176302
0.045867176302
0.045867176302
0.045867176302
0.0257077669591
0.045867176302
0.045867176302
0.045867176302
0.045867176302
0.045867176302
0.045867176302
0.045867176302
0.045867176302
0.045867176302
0.045867176302
0.045867176302
0.045867176302
0.045867176302
0.045867176302
0.045867176302
0.0212224108659
0.0212224108659
36.8826021882
0.045867176302
30.3731877236
0.0200245300493
0.045867176302
0.045867176302
0.0257077669591
0.045867176302
0.045867176302
24.9206212992
0.045867176302
0.0257077669591
0.045867176302
0.0212224108659
0.045867176302
0.045867176302
0.045867176302
35.9106722029
0.0257077669591
0.0257077669591
0.0257077669591
0.0257077669591
0.0257077669591
0.0257077669591
0.0257077669591
0.0257077669591
0.0212224108659
0.0257077669591
0.045867176302
0.0212224108659
0.0212224108659
0.045867176302
0.045867176302
0.0257077669591
0.0212224108659
0.0257077669591
0.0257077669591
0.045867176302
0.045867176302
0.045867176302
0.0257077669591
0.0212224108659
0.0257077669591
0.0257077669591
0.0257077669591
0.045867176302
0.0257077669591
0.0257077669591
0.0257077669591
0.0257077669591
0.0212224108659
0.0257077669591
0.0257077669591
0.0257077669591
0.0257077669591
15.8760357145
0.0257077669591
0.0828350288628
0.0257077669591
0.957296910735
0.957296910735
0.0257077669591
0.957296910735
0.957296910735
0.957296910735
48.4616737662
0.957296910735
0.0257077669591
0.957296910735
0.957296910735
0.957296910735
1.03989813243
0.957296910735
1.03989813243
1.03989813243
0.0257077669591
0.957296910735
0.0257077669591
1.03989813243
0.957296910735
0.957296910735
0.957296910735
1.03989813243
48.4616737662
0.957296910735
0.957296910735
4.67398924982
0.957296910735
0.957296910735
1.03989813243
0.0257077669591
0.0257077669591
0.986842105263
0.957296910735
1.03989813243
1.03989813243
0.957296910735
1.03989813243
1.03989813243
0.0257077669591
0.79654829074
0.729052909057
0.729052909057
0.79654829074
0.79654829074
0.79654829074
0.729052909057
0.729052909057
0.79654829074
38.1657399883
0.0257077669591
0.0257077669591
0.0257077669591
0.0257077669591
0.729052909057
0.729052909057
0.729052909057
0.79654829074
0.79654829074
0.729052909057
0.729052909057
0.0257077669591
0.79654829074
0.79654829074
0.0257077669591
0.79654829074
0.729052909057
0.729052909057
0.729052909057
0.79654829074
0.729052909057
0.729052909057
0.329082682024
33.4116116912
0.79654829074
0.729052909057
0.79654829074
0.79654829074
33.4116116912
0.79654829074
0.79654829074
0.79654829074
0.729052909057
0.0257077669591
0.0257077669591
0.79654829074
0.729052909057
0.0257077669591
0.0101555061885
0.0101555061885
1.10521662246
0.0101555061885
0.0101555061885
0.0101555061885
0.0101555061885
0.0101555061885
0.0101555061885
0.0101555061885
0.0087071039084
1.28520028147
0.947368421053
0.947368421053
0.0286738351254
0.0286738351254
0.100313479624
0.100313479624
14.0285246668
0.947368421053
0.947368421053
0.947368421053
0.181859513526
0.0
2.29534908434
0.181859513526
0.0
0.947368421053
0.228310502283
0.0550631314097
3.91956721445
0.323919425043
0.323919425043
1.29084308189
15.5362238473
1.29084308189
0.0922615615269
0.262237762238
0.323919425043
4.6326754386
0.323919425043
0.483717716161
0.483717716161
1.01670297749
4.58350034188
29.1333262207
0.607769148181
0.612073271747
0.607769148181
0.607769148181
0.607769148181
0.509635292244
1.28
2.28280544775
0.509635292244
1.28205128205
0.509635292244
2.86738351254
2.86738351254
0.045347189419
0.00541715477488
0.0879120879121
2.91375291375
1.35635792779
0.045347189419
0.045347189419
3.53153153153
0.0
2.91375291375
2.00209561912
0.045347189419
2.86738351254
1.35635792779
2.86738351254
2.00209561912
2.86738351254
2.00209561912
2.86738351254
2.86738351254
0.045347189419
2.86738351254
2.86738351254
