0.4675
0.3225
0.42
0.35375
0.4725
0.3225
0.2725
0.29125
0.38
0.28375
0.38
0.38
0.33125
0.38
0.215
0.29
0.38
0.38
0.38
0.43125
0.38
0.43125
0.38
0.43125
0.05125
0.38
0.43125
0.43125
0.33625
0.43125
0.05125
0.43125
0.38
0.43125
0.43125
0.05125
0.38
0.43125
0.43125
0.43125
0.43125
0.43125
0.43125
0.43125
0.43125
0.43125
0.43125
0.43125
0.43125
0.05125
0.43125
0.43125
0.05875
0.43125
0.43125
0.43125
0.43125
0.43125
0.43125
0.43125
0.43125
0.43125
0.43125
0.05125
0.43125
0.43125
0.43125
0.43125
0.43125
0.43125
0.43125
0.43125
0.43125
0.43125
0.43125
0.43125
0.43125
0.43125
0.43125
0.38
0.38
0.33375
0.43125
0.29375
0.4825
0.43125
0.43125
0.05125
0.43125
0.43125
0.3225
0.43125
0.05125
0.43125
0.38
0.43125
0.43125
0.43125
0.335
0.05125
0.05125
0.05125
0.05125
0.05125
0.05125
0.05125
0.05125
0.38
0.05125
0.43125
0.38
0.38
0.43125
0.43125
0.05125
0.38
0.05125
0.05125
0.43125
0.43125
0.43125
0.05125
0.38
0.05125
0.05125
0.05125
0.43125
0.05125
0.05125
0.05125
0.05125
0.38
0.05125
0.05125
0.05125
0.05125
0.39125
0.05125
0.4075
0.05125
0.32875
0.32875
0.05125
0.32875
0.32875
0.32875
0.28625
0.32875
0.05125
0.32875
0.32875
0.32875
0.38
0.32875
0.38
0.38
0.05125
0.32875
0.05125
0.38
0.32875
0.32875
0.32875
0.38
0.28625
0.32875
0.32875
0.0275
0.32875
0.32875
0.38
0.05125
0.05125
0.24
0.32875
0.38
0.38
0.32875
0.38
0.38
0.05125
0.345
0.29375
0.29375
0.345
0.345
0.345
0.29375
0.29375
0.345
0.26375
0.05125
0.05125
0.05125
0.05125
0.29375
0.29375
0.29375
0.345
0.345
0.29375
0.29375
0.05125
0.345
0.345
0.05125
0.345
0.29375
0.29375
0.29375
0.345
0.29375
0.29375
0.065
0.2225
0.345
0.29375
0.345
0.345
0.2225
0.345
0.345
0.345
0.29375
0.05125
0.05125
0.345
0.29375
0.05125
0.14375
0.14375
0.13
0.14375
0.14375
0.14375
0.14375
0.14375
0.14375
0.14375
0.17375
0.13625
0.05
0.05
0.225
0.225
0.275
0.275
0.23625
0.05
0.05
0.05
0.06625
0.22
0.04625
0.06625
0.22
0.05
0.27
0.28625
0.2425
0.445
0.445
0.1675
0.16125
0.1675
0.0575
0.22
0.445
0.24
0.445
0.14875
0.14875
0.405
0.27375
0.2275
0.46625
0.44625
0.46625
0.46625
0.46625
0.195
0.5
0.27125
0.195
0.48
0.195
0.225
0.225
0.45625
0.36125
0.35
0.22
0.08125
0.45625
0.45625
0.075
0.445
0.22
0.23625
0.45625
0.225
0.08125
0.225
0.23625
0.225
0.23625
0.225
0.225
0.45625
0.225
0.225
