0.020084857940673828
15.469550042152404
0.18472906112670898
19.03342878818512
0.0
0.022883949279785157
11.122670950889587
32.269833698272706
0.02122241020202637
38.3851896238327
0.02122241020202637
0.02122241020202637
0.05078469276428223
0.02122241020202637
0.474003849029541
33.244293341636656
0.02122241020202637
0.02122241020202637
0.02122241020202637
0.045867176055908204
0.02122241020202637
0.045867176055908204
0.02122241020202637
0.045867176055908204
0.025707764625549315
0.02122241020202637
0.045867176055908204
0.045867176055908204
34.954039158821104
0.045867176055908204
0.025707764625549315
0.045867176055908204
0.02122241020202637
0.045867176055908204
0.045867176055908204
0.025707764625549315
0.02122241020202637
0.045867176055908204
0.045867176055908204
0.045867176055908204
0.045867176055908204
0.045867176055908204
0.045867176055908204
0.045867176055908204
0.045867176055908204
0.045867176055908204
0.045867176055908204
0.045867176055908204
0.045867176055908204
0.025707764625549315
0.045867176055908204
0.045867176055908204
0.5651154232025146
0.045867176055908204
0.045867176055908204
0.045867176055908204
0.045867176055908204
0.045867176055908204
0.045867176055908204
0.045867176055908204
0.045867176055908204
0.045867176055908204
0.045867176055908204
0.025707764625549315
0.045867176055908204
0.045867176055908204
0.045867176055908204
0.045867176055908204
0.045867176055908204
0.045867176055908204
0.045867176055908204
0.045867176055908204
0.045867176055908204
0.045867176055908204
0.045867176055908204
0.045867176055908204
0.045867176055908204
0.045867176055908204
0.045867176055908204
0.02122241020202637
0.02122241020202637
36.882602186203
0.045867176055908204
30.37318772315979
0.02002452850341797
0.045867176055908204
0.045867176055908204
0.025707764625549315
0.045867176055908204
0.045867176055908204
24.92062129497528
0.045867176055908204
0.025707764625549315
0.045867176055908204
0.02122241020202637
0.045867176055908204
0.045867176055908204
0.045867176055908204
35.91067220211029
0.025707764625549315
0.025707764625549315
0.025707764625549315
0.025707764625549315
0.025707764625549315
0.025707764625549315
0.025707764625549315
0.025707764625549315
0.02122241020202637
0.025707764625549315
0.045867176055908204
0.02122241020202637
0.02122241020202637
0.045867176055908204
0.045867176055908204
0.025707764625549315
0.02122241020202637
0.025707764625549315
0.025707764625549315
0.045867176055908204
0.045867176055908204
0.045867176055908204
0.025707764625549315
0.02122241020202637
0.025707764625549315
0.025707764625549315
0.025707764625549315
0.045867176055908204
0.025707764625549315
0.025707764625549315
0.025707764625549315
0.025707764625549315
0.02122241020202637
0.025707764625549315
0.025707764625549315
0.025707764625549315
0.025707764625549315
15.876035714149475
0.025707764625549315
0.08283502578735352
0.025707764625549315
0.9572969102859497
0.9572969102859497
0.025707764625549315
0.9572969102859497
0.9572969102859497
0.9572969102859497
48.461673765182496
0.9572969102859497
0.025707764625549315
0.9572969102859497
0.9572969102859497
0.9572969102859497
1.0398981285095215
0.9572969102859497
1.0398981285095215
1.0398981285095215
0.025707764625549315
0.9572969102859497
0.025707764625549315
1.0398981285095215
0.9572969102859497
0.9572969102859497
0.9572969102859497
1.0398981285095215
48.461673765182496
0.9572969102859497
0.9572969102859497
4.673989248275757
0.9572969102859497
0.9572969102859497
1.0398981285095215
0.025707764625549315
0.025707764625549315
0.9868421030044555
0.9572969102859497
1.0398981285095215
1.0398981285095215
0.9572969102859497
1.0398981285095215
1.0398981285095215
0.025707764625549315
0.7965482902526856
0.729052906036377
0.729052906036377
0.7965482902526856
0.7965482902526856
0.7965482902526856
0.729052906036377
0.729052906036377
0.7965482902526856
38.16573998451233
0.025707764625549315
0.025707764625549315
0.025707764625549315
0.025707764625549315
0.729052906036377
0.729052906036377
0.729052906036377
0.7965482902526856
0.7965482902526856
0.729052906036377
0.729052906036377
0.025707764625549315
0.7965482902526856
0.7965482902526856
0.025707764625549315
0.7965482902526856
0.729052906036377
0.729052906036377
0.729052906036377
0.7965482902526856
0.729052906036377
0.729052906036377
0.32908267974853517
33.41161169052124
0.7965482902526856
0.729052906036377
0.7965482902526856
0.7965482902526856
33.41161169052124
0.7965482902526856
0.7965482902526856
0.7965482902526856
0.729052906036377
0.025707764625549315
0.025707764625549315
0.7965482902526856
0.729052906036377
0.025707764625549315
0.010155506134033203
0.010155506134033203
1.1052166223526
0.010155506134033203
0.010155506134033203
0.010155506134033203
0.010155506134033203
0.010155506134033203
0.010155506134033203
0.010155506134033203
0.008707103729248046
1.2852002811431884
0.9473684167861939
0.9473684167861939
0.028673834800720215
0.028673834800720215
0.10031347751617431
0.10031347751617431
14.028524665832519
0.9473684167861939
0.9473684167861939
0.9473684167861939
0.18185951232910155
0.0
2.2953490829467773
0.18185951232910155
0.0
0.9473684167861939
0.22831049919128418
0.05506312847137451
3.9195672130584716
0.32391942501068116
0.32391942501068116
1.2908430814743042
15.536223845481873
1.2908430814743042
0.09226155757904053
0.2622377586364746
0.32391942501068116
4.632675437927246
0.32391942501068116
0.48371771335601804
0.48371771335601804
1.0167029762268067
4.583500337600708
29.13332622051239
0.6077691459655762
0.6120732688903808
0.6077691459655762
0.6077691459655762
0.6077691459655762
0.5096352910995483
1.28
2.28280544757843
0.5096352910995483
1.2820512819290162
0.5096352910995483
2.867383508682251
2.867383508682251
0.045347185134887696
0.00541715145111084
0.08791208744049073
2.9137529134750366
1.3563579273223878
0.045347185134887696
0.045347185134887696
3.531531529426575
0.0
2.9137529134750366
2.002095618247986
0.045347185134887696
2.867383508682251
1.3563579273223878
2.867383508682251
2.002095618247986
2.867383508682251
2.002095618247986
2.867383508682251
2.867383508682251
0.045347185134887696
2.867383508682251
2.867383508682251
Total Time 	 GC CPU Time	 GCIO Time	 OTCPU Time	 OTIO Time

0.707298116	0.0	0.0 0.0	0.0

Number of Gate:0

********************************
Data Sent from Client :0.013054847717285156MB
Data Sent to Client :0.013054847717285156MB
********************************
Total Time 	 GC CPU Time	 GCIO Time	 OTCPU Time	 OTIO Time

0.687804503	0.0	0.0 0.0	0.0

Number of Gate:0
