connecting
connecting
connected
connected
0.02008486
15.46954956
0.18472905999999997
19.033427735
0.0
0.02288395
11.122670900000001
32.269831545
0.021222409999999997
38.385185545
0.021222409999999997
0.021222409999999997
0.050784695
0.021222409999999997
0.47400383
33.24429199
0.021222409999999997
0.021222409999999997
0.021222409999999997
0.045867174999999996
0.021222409999999997
0.045867174999999996
0.021222409999999997
0.045867174999999996
0.025707765
0.021222409999999997
0.045867174999999996
0.045867174999999996
34.954038085
0.045867174999999996
0.025707765
0.045867174999999996
0.021222409999999997
0.045867174999999996
0.045867174999999996
0.025707765
0.021222409999999997
0.045867174999999996
0.045867174999999996
0.045867174999999996
0.045867174999999996
0.045867174999999996
0.045867174999999996
0.045867174999999996
0.045867174999999996
0.045867174999999996
0.045867174999999996
0.045867174999999996
0.045867174999999996
0.025707765
0.045867174999999996
0.045867174999999996
0.565115395
0.045867174999999996
0.045867174999999996
0.045867174999999996
0.045867174999999996
0.045867174999999996
0.045867174999999996
0.045867174999999996
0.045867174999999996
0.045867174999999996
0.045867174999999996
0.025707765
0.045867174999999996
0.045867174999999996
0.045867174999999996
0.045867174999999996
0.045867174999999996
0.045867174999999996
0.045867174999999996
0.045867174999999996
0.045867174999999996
0.045867174999999996
0.045867174999999996
0.045867174999999996
0.045867174999999996
0.045867174999999996
0.045867174999999996
0.021222409999999997
0.021222409999999997
36.8826001
0.045867174999999996
30.373186035
0.020024530000000002
0.045867174999999996
0.045867174999999996
0.025707765
0.045867174999999996
0.045867174999999996
24.920620115000002
0.045867174999999996
0.025707765
0.045867174999999996
0.021222409999999997
0.045867174999999996
0.045867174999999996
0.045867174999999996
35.910671385
0.025707765
0.025707765
0.025707765
0.025707765
0.025707765
0.025707765
0.025707765
0.025707765
0.021222409999999997
0.025707765
0.045867174999999996
0.021222409999999997
0.021222409999999997
0.045867174999999996
0.045867174999999996
0.025707765
0.021222409999999997
0.025707765
0.025707765
0.045867174999999996
0.045867174999999996
0.045867174999999996
0.025707765
0.021222409999999997
0.025707765
0.025707765
0.025707765
0.045867174999999996
0.025707765
0.025707765
0.025707765
0.025707765
0.021222409999999997
0.025707765
0.025707765
0.025707765
0.025707765
15.876035155
0.025707765
0.082835025
0.025707765
0.9572969050000001
0.9572969050000001
0.025707765
0.9572969050000001
0.9572969050000001
0.9572969050000001
48.461669920000006
0.9572969050000001
0.025707765
0.9572969050000001
0.9572969050000001
0.9572969050000001
1.03989807
0.9572969050000001
1.03989807
1.03989807
0.025707765
0.9572969050000001
0.025707765
1.03989807
0.9572969050000001
0.9572969050000001
0.9572969050000001
1.03989807
48.461669920000006
0.9572969050000001
0.9572969050000001
4.673988955
0.9572969050000001
0.9572969050000001
1.03989807
0.025707765
0.025707765
0.98684204
0.9572969050000001
1.03989807
1.03989807
0.9572969050000001
1.03989807
1.03989807
0.025707765
0.796548235
0.729052885
0.729052885
0.796548235
0.796548235
0.796548235
0.729052885
0.729052885
0.796548235
38.165737305
0.025707765
0.025707765
0.025707765
0.025707765
0.729052885
0.729052885
0.729052885
0.796548235
0.796548235
0.729052885
0.729052885
0.025707765
0.796548235
0.796548235
0.025707765
0.796548235
0.729052885
0.729052885
0.729052885
0.796548235
0.729052885
0.729052885
0.32908268
33.41161133
0.796548235
0.729052885
0.796548235
0.796548235
33.41161133
0.796548235
0.796548235
0.796548235
0.729052885
0.025707765
0.025707765
0.796548235
0.729052885
0.025707765
0.010155505
0.010155505
1.1052166
0.010155505
0.010155505
0.010155505
0.010155505
0.010155505
0.010155505
0.010155505
0.008707105000000001
1.2852001949999998
0.947368315
0.947368315
0.028673834999999998
0.028673834999999998
0.10031347500000001
0.10031347500000001
14.02852295
0.947368315
0.947368315
0.947368315
0.18185951
0.0
2.295348815
0.18185951
0.0
0.947368315
0.22831047000000002
0.055063125
3.91956665
0.32391941
0.32391941
1.29084305
15.536223145
1.29084305
0.09226155500000001
0.26223774
0.32391941
4.63267517
0.32391941
0.48371769000000003
0.48371769000000003
1.016702955
4.583499755
29.133325195
0.60776909
0.61207321
0.60776909
0.60776909
0.60776909
0.50963524
1.28
2.282805175
0.50963524
1.2820512400000001
0.50963524
2.867383425
2.867383425
0.045347185000000005
0.005417155
0.087912085
2.913752745
1.35635788
0.045347185000000005
0.045347185000000005
3.53153137
0.0
2.913752745
2.002095335
0.045347185000000005
2.867383425
1.35635788
2.867383425
2.002095335
2.867383425
2.002095335
2.867383425
2.867383425
0.045347185000000005
2.867383425
2.867383425
Eva running time:0.925219245
Gen running time:0.964252233
Number Of Gates:5778069

********************************
Data Sent from Client :0.014245033264160156MB
Data Sent to Client :0.024245262145996094MB
********************************
