connecting
connecting
connecting
connected
0 0.4675
1 0.3225
2 0.42
3 0.35375
4 0.4725
5 0.3225
6 0.2725
7 0.29125
8 0.38
9 0.28375
10 0.38
11 0.38
12 0.33125
13 0.38
14 0.215
15 0.29
16 0.38
17 0.38
18 0.38
19 0.43125
20 0.38
21 0.43125
22 0.38
23 0.43125
24 0.05125
25 0.38
26 0.43125
27 0.43125
28 0.33625
29 0.43125
30 0.05125
31 0.43125
32 0.38
33 0.43125
34 0.43125
35 0.05125
36 0.38
37 0.43125
38 0.43125
39 0.43125
40 0.43125
41 0.43125
42 0.43125
43 0.43125
44 0.43125
45 0.43125
46 0.43125
47 0.43125
48 0.43125
49 0.05125
50 0.43125
51 0.43125
52 0.05875
53 0.43125
54 0.43125
55 0.43125
56 0.43125
57 0.43125
58 0.43125
59 0.43125
60 0.43125
61 0.43125
62 0.43125
63 0.05125
64 0.43125
65 0.43125
66 0.43125
67 0.43125
68 0.43125
69 0.43125
70 0.43125
71 0.43125
72 0.43125
73 0.43125
74 0.43125
75 0.43125
76 0.43125
77 0.43125
78 0.43125
79 0.38
80 0.38
81 0.33375
82 0.43125
83 0.29375
84 0.4825
85 0.43125
86 0.43125
87 0.05125
88 0.43125
89 0.43125
90 0.3225
91 0.43125
92 0.05125
93 0.43125
94 0.38
95 0.43125
96 0.43125
97 0.43125
98 0.335
99 0.05125
100 0.05125
101 0.05125
102 0.05125
103 0.05125
104 0.05125
105 0.05125
106 0.05125
107 0.38
108 0.05125
109 0.43125
110 0.38
111 0.38
112 0.43125
113 0.43125
114 0.05125
115 0.38
116 0.05125
117 0.05125
118 0.43125
119 0.43125
120 0.43125
121 0.05125
122 0.38
123 0.05125
124 0.05125
125 0.05125
126 0.43125
127 0.05125
128 0.05125
129 0.05125
130 0.05125
131 0.38
132 0.05125
133 0.05125
134 0.05125
135 0.05125
136 0.39125
137 0.05125
138 0.4075
139 0.05125
140 0.32875
141 0.32875
142 0.05125
143 0.32875
144 0.32875
145 0.32875
146 0.28625
147 0.32875
148 0.05125
149 0.32875
150 0.32875
151 0.32875
152 0.38
153 0.32875
154 0.38
155 0.38
156 0.05125
157 0.32875
158 0.05125
159 0.38
160 0.32875
161 0.32875
162 0.32875
163 0.38
164 0.28625
165 0.32875
166 0.32875
167 0.0275
168 0.32875
169 0.32875
170 0.38
171 0.05125
172 0.05125
173 0.24
174 0.32875
175 0.38
176 0.38
177 0.32875
178 0.38
179 0.38
180 0.05125
181 0.345
182 0.29375
183 0.29375
184 0.345
185 0.345
186 0.345
187 0.29375
188 0.29375
189 0.345
190 0.26375
191 0.05125
192 0.05125
193 0.05125
194 0.05125
195 0.29375
196 0.29375
197 0.29375
198 0.345
199 0.345
200 0.29375
201 0.29375
202 0.05125
203 0.345
204 0.345
205 0.05125
206 0.345
207 0.29375
208 0.29375
209 0.29375
210 0.345
211 0.29375
212 0.29375
213 0.065
214 0.2225
215 0.345
216 0.29375
217 0.345
218 0.345
219 0.2225
220 0.345
221 0.345
222 0.345
223 0.29375
224 0.05125
225 0.05125
226 0.345
227 0.29375
228 0.05125
229 0.14375
230 0.14375
231 0.13
232 0.14375
233 0.14375
234 0.14375
235 0.14375
236 0.14375
237 0.14375
238 0.14375
239 0.17375
240 0.13625
241 0.05
242 0.05
243 0.225
244 0.225
245 0.275
246 0.275
247 0.23625
248 0.05
249 0.05
250 0.05
251 0.06625
252 0.22
253 0.04625
254 0.06625
255 0.22
256 0.05
257 0.27
258 0.28625
259 0.2425
260 0.445
261 0.445
262 0.1675
263 0.16125
264 0.1675
265 0.0575
266 0.22
267 0.445
268 0.24
269 0.445
270 0.14875
271 0.14875
272 0.405
273 0.27375
274 0.2275
275 0.46625
276 0.44625
277 0.46625
278 0.46625
279 0.46625
280 0.195
281 0.5
282 0.27125
283 0.195
284 0.48
285 0.195
286 0.225
287 0.225
288 0.45625
289 0.36125
290 0.35
291 0.22
292 0.08125
293 0.45625
294 0.45625
295 0.075
296 0.445
297 0.22
298 0.23625
299 0.45625
300 0.225
301 0.08125
302 0.225
303 0.23625
304 0.225
305 0.23625
306 0.225
307 0.225
308 0.45625
309 0.225
310 0.225
Gen running time:0.443628959
Command to run java -Xmx3800m -cp bin/:../FlexSC/lib/*:../FlexSC/bin util.GenRunnable task1.task1a.Task1a -c data/case_chr2_29504091_30044866_part1.txt -t data/control_chr2_29504091_30044866_part1.txt
