connecting
connecting
connected
connected
0.020084840000000003
15.469531250000001
0.18472900500000003
19.033398440000003
0.0
0.02288395
11.12265625
32.26980469
0.02122238
38.38515625
0.02122238
0.02122238
0.050784684999999996
0.02122238
0.47400268500000003
33.244257815000005
0.02122238
0.02122238
0.02122238
0.04586715500000001
0.02122238
0.04586715500000001
0.02122238
0.04586715500000001
0.025707705
0.02122238
0.04586715500000001
0.04586715500000001
34.95402344
0.04586715500000001
0.025707705
0.04586715500000001
0.02122238
0.04586715500000001
0.04586715500000001
0.025707705
0.02122238
0.04586715500000001
0.04586715500000001
0.04586715500000001
0.04586715500000001
0.04586715500000001
0.04586715500000001
0.04586715500000001
0.04586715500000001
0.04586715500000001
0.04586715500000001
0.04586715500000001
0.04586715500000001
0.025707705
0.04586715500000001
0.04586715500000001
0.565115355
0.04586715500000001
0.04586715500000001
0.04586715500000001
0.04586715500000001
0.04586715500000001
0.04586715500000001
0.04586715500000001
0.04586715500000001
0.04586715500000001
0.04586715500000001
0.025707705
0.04586715500000001
0.04586715500000001
0.04586715500000001
0.04586715500000001
0.04586715500000001
0.04586715500000001
0.04586715500000001
0.04586715500000001
0.04586715500000001
0.04586715500000001
0.04586715500000001
0.04586715500000001
0.04586715500000001
0.04586715500000001
0.04586715500000001
0.02122238
0.02122238
36.882578125
0.04586715500000001
30.373164065
0.020024530000000002
0.04586715500000001
0.04586715500000001
0.025707705
0.04586715500000001
0.04586715500000001
24.920585940000002
0.04586715500000001
0.025707705
0.04586715500000001
0.02122238
0.04586715500000001
0.04586715500000001
0.04586715500000001
35.910664065
0.025707705
0.025707705
0.025707705
0.025707705
0.025707705
0.025707705
0.025707705
0.025707705
0.02122238
0.025707705
0.04586715500000001
0.02122238
0.02122238
0.04586715500000001
0.04586715500000001
0.025707705
0.02122238
0.025707705
0.025707705
0.04586715500000001
0.04586715500000001
0.04586715500000001
0.025707705
0.02122238
0.025707705
0.025707705
0.025707705
0.04586715500000001
0.025707705
0.025707705
0.025707705
0.025707705
0.02122238
0.025707705
0.025707705
0.025707705
0.025707705
15.876015625
0.025707705
0.08283493
0.025707705
0.9572961449999999
0.9572961449999999
0.025707705
0.9572961449999999
0.9572961449999999
0.9572961449999999
48.4615625
0.9572961449999999
0.025707705
0.9572961449999999
0.9572961449999999
0.9572961449999999
1.03989746
0.9572961449999999
1.03989746
1.03989746
0.025707705
0.9572961449999999
0.025707705
1.03989746
0.9572961449999999
0.9572961449999999
0.9572961449999999
1.03989746
48.4615625
0.9572961449999999
0.9572961449999999
4.673984375
0.9572961449999999
0.9572961449999999
1.03989746
0.025707705
0.025707705
0.9868408200000001
0.9572961449999999
1.03989746
1.03989746
0.9572961449999999
1.03989746
1.03989746
0.025707705
0.7965478500000001
0.7290527350000001
0.7290527350000001
0.7965478500000001
0.7965478500000001
0.7965478500000001
0.7290527350000001
0.7290527350000001
0.7965478500000001
38.165703125
0.025707705
0.025707705
0.025707705
0.025707705
0.7290527350000001
0.7290527350000001
0.7290527350000001
0.7965478500000001
0.7965478500000001
0.7290527350000001
0.7290527350000001
0.025707705
0.7965478500000001
0.7965478500000001
0.025707705
0.7965478500000001
0.7290527350000001
0.7290527350000001
0.7290527350000001
0.7965478500000001
0.7290527350000001
0.7290527350000001
0.32908264000000004
33.4115625
0.7965478500000001
0.7290527350000001
0.7965478500000001
0.7965478500000001
33.4115625
0.7965478500000001
0.7965478500000001
0.7965478500000001
0.7290527350000001
0.025707705
0.025707705
0.7965478500000001
0.7290527350000001
0.025707705
0.010155505
0.010155505
1.105216065
0.010155505
0.010155505
0.010155505
0.010155505
0.010155505
0.010155505
0.010155505
0.008707105000000001
1.2852001949999998
0.9473681650000001
0.9473681650000001
0.02867378
0.02867378
0.100313415
0.100313415
14.028476565000002
0.9473681650000001
0.9473681650000001
0.9473681650000001
0.181859435
0.0
2.29534668
0.181859435
0.0
0.9473681650000001
0.22830993500000002
0.05506302
3.919560545
0.323919065
0.323919065
1.2908422849999999
15.536171875
1.2908422849999999
0.092261505
0.26223755
0.323919065
4.632666015
0.323919065
0.48371765000000005
0.48371765000000005
1.01670288
4.583496095
29.13328125
0.607768555
0.612072755
0.607768555
0.607768555
0.607768555
0.50963501
1.28
2.282802735
0.50963501
1.2820507799999998
0.50963501
2.8673828150000005
2.8673828150000005
0.045347135
0.005417145
0.087911985
2.91375
1.35635742
0.045347135
0.045347135
3.53152832
0.0
2.91375
2.002094725
0.045347135
2.8673828150000005
1.35635742
2.8673828150000005
2.002094725
2.8673828150000005
2.002094725
2.8673828150000005
2.8673828150000005
0.045347135
2.8673828150000005
2.8673828150000005
Eva running time:0.652753544
Number Of Gates:2414293

********************************
Data Sent from Client :0.014245033264160156MB
Data Sent to Client :0.014237403869628906MB
********************************
Gen running time:0.696688257
